1.070147027886747 -0.7611724988110897
0.999726557165348 -0.9760498370195886
0.9398754177792582 -0.719475289036485
1.0921897361119406 -0.9562040515684405
0.9208269090029995 -0.9661788587474779
0.7854024267877511 -0.8318358393746093
0.9502828240436776 -0.8999159019164116
0.7451816995731281 -0.5647474680265767
0.579877890452429 -0.7744734214296782
1.0814801908505016 -0.9795518394630758
0.8379415850921292 -0.9389768447315354
0.6683481599287017 -0.6256728432963791
0.799505262840394 -0.7798488054818788
0.7160947023643969 -0.5180180209608124
0.5886503395840854 -0.5794659013190522
1.0188608366275087 -0.8335767259338511
0.8317576163069789 -0.5872409369503396
1.0140758469007372 -0.5050874299134955
0.6269520704872033 -0.6700516618432248
0.9180839106375349 -0.8379567611522396
0.7627302535455449 -0.7572537871277918
0.9344999115714179 -0.6402160912348014
0.711079973659963 -0.5324271047795135
0.8483706904430228 -0.5745275696654942
0.6168213386692716 -0.5373223552708432
0.5354455611918818 -0.543772550495247
1.0693675396332858 -0.6501976577340293
0.6545614980181338 -0.8201635968837813
0.9180221698430557 -0.822066285333855
0.9013846915012798 -0.8742870311940941
1.0410001509429447 -0.6036271722922124
0.994760365621395 -1.030461741041492
1.0043604764960141 -0.5012627923836745
0.8269735674917968 -0.9220995339360141
1.076640389529393 -0.945302738282112
0.9889057641832179 -0.9474804568380704
0.7406559743276285 -0.640579044325964
0.7103364640306024 -0.7132050484672866
0.5992172048765607 -0.6235606845235335
0.7089605282872653 -0.7903245978603339
0.6006431907063442 -0.6514836834987843
1.0711780795175074 -0.9969644912502263
0.6335714740451157 -0.7495125985621102
0.7535420890593973 -0.5204504296498403
0.8470703158726667 -0.8504203539921339
0.9596381546268716 -0.9505568882711048
0.8035754279046099 -0.8151816188543203
0.9061764863905395 -0.8916091352384096
0.6961611082422342 -0.818153865572488
0.9112793906565536 -0.750277656466271
0.7420397457296298 -0.9026441148302284
0.9552841277326932 -0.8187138629082135
0.7297528935751119 -0.561714827720422
0.9690656812982534 -0.6846888462044327
0.9996776952920499 -0.9549384846038729
0.9007516393399142 -0.8600886087093693
0.9744564505453708 -0.6173459401762066
1.0390419740261074 -0.8122119030609776
1.001710241718003 -0.8432601585670211
1.0061382166429857 -0.8968601038697297
0.7602826612074123 -0.9016954390021019
1.041132511901076 -0.8491081895783091
0.760662156766669 -0.6759007834089887
0.9874929601413311 -0.868371326276097
1.09533127099719 -0.944816261780538
1.0362049687844388 -0.5707219547926917
1.0009239897928015 -0.9956300897228536
0.9912373581755916 -0.8334312412736712
0.9662363951021273 -1.0490895123538087
0.6705466113737497 -0.5355252228528449
0.9464441827828918 -0.6299711033911375
0.9565373191448492 -0.3280404744772103
0.6142092073482639 -0.4189536986386144
0.9038996375614117 -0.5884328091375366
0.7655361490478159 -0.8957357680696547
0.903762260547645 -0.014161381761231828
0.9423606870094878 -0.7641072094369883
0.5306549335865558 -0.6413351142486816
0.41090471472286394 -0.4643850639655682
0.420589692069556 -0.5095024460745963
0.7327674283582375 -0.4130414036168031
#############
1.0320741876743242 0.8089831493237214
0.7032284314291087 0.747819584199187
0.7602778702884754 1.0919097531270676
0.6092838410182306 1.0885208657983911
0.6325856824589002 0.8057492907684283
1.0915055929049369 0.6259031707734997
0.9912385968139665 0.8181874483661004
0.5931197143705048 0.5280408063979258
0.5105860348062704 0.9694937612278405
0.9624459279470321 0.9974769115234707
0.7998680182446865 1.0993828477468994
0.950518781043533 0.8440215624677869
0.8225963920505095 0.7104315959516432
0.5305904427713056 0.7722156653848977
0.9989573205330657 0.6967601334946781
0.8438086688130151 0.9525994875156008
1.05151357020914 0.9701085164313881
0.8002032164923358 0.657770049587866
0.8341454830287406 0.6960693626941512
0.7154112452306832 0.5568636116670557
0.7375417814468626 0.5116632097458877
0.6958064844432085 0.7095133864832057
1.0482056253448948 0.5466276464477664
0.6015215854175384 0.746405369893248
1.0774151729588224 0.9158620037244702
0.9241371895295251 0.5230850359286491
1.0685905004850542 0.8647519655743716
0.9893196269172793 0.9620290517411538
0.6309855603204177 0.9707127881728546
0.5818377806176421 0.7350511773136779
0.8638347934109003 1.0064380039769452
0.81597542757081 0.9246348320667387
0.9200450151539501 0.9912392214436483
1.068691324511316 0.708058131386315
0.7122340253227882 0.5965110777381369
1.0559652379509528 1.0322012358824288
0.5863784797116582 1.0297534185800534
1.064604246738906 0.5896982634557945
1.0795443592557576 0.5987317698460581
0.5523692667413383 0.5686205619766164
0.9381343104121951 0.953255278990152
0.5986178256121312 0.8281507784294058
0.601797262242884 0.5166997388135968
1.025745302741326 0.5517309732909059
0.555606380364549 0.8528019275029864
0.6185422064948082 0.6469412821897003
0.51932255237956 1.065399752835
0.5441716799210174 0.7978893219038603
0.5775215519625372 0.9996911651055688
0.8198067859214434 0.7311636105441579
0.6580737279260299 0.8032334669168371
1.0880534496948746 0.7304280902715219
1.0389263507495528 0.7133025864963168
1.0421206475674925 0.5275078941308164
1.0043493437102269 0.5643809096904606
0.7932855105885623 1.0093403958740585
0.5817664147082234 1.0554402205209183
0.8925368147745387 0.5104384633299748
0.8690040860990789 0.8813351392285527
1.0063663940646328 0.8095368208984246
0.6092526351112895 0.8160203640371624
0.8035139613990702 0.7168654766288526
0.9872433162706786 0.5374541642129772
0.8350564790334196 0.7250177414151349
0.7051076122621851 0.6049483266939443
0.684569600497962 0.8016539077817568
0.850094943161859 0.9393735853061751
0.6281743740478865 1.0263048863866033
1.0887862930878023 0.6150279940994434
0.8761182003943646 1.0163136992167168
0.5136522035985872 0.7491238787297383
0.5681253693489074 0.7484760378936073
1.0277644005008755 0.5707477793421842
0.6640881358783962 0.6632147751456643
0.6821812601575532 0.7657960048901653
0.5097553088394147 0.8371463481074726
0.877988552786902 0.927786812225454
0.563911241481073 0.9276707799436507
1.0111872434401974 0.7965990897118491
0.749124173074193 0.9297403497974308
0.5735817589289652 0.9380850747595834
0.9324786465881094 0.5402352039617385
0.9265325643709311 1.007154026920188
0.5557926920513268 1.0993981403710908
0.7368979601376012 0.7453213009801267
1.0166566280395821 1.071553570114082
0.8057012170781166 0.5908665298878011
1.0522158631496756 0.8388596240124964
0.7300195225461494 1.0256422736405262
0.8969563700884664 1.0121156339764728
0.9173028666771157 0.5472236645710234
0.5738373054361104 0.9116705020220863
0.7187913021648981 1.0384873939618244
0.5349511751390544 0.5392512215630382
1.0649103396959632 0.7088573608572217
0.7934778831223994 0.6480538825119835
0.5704850663550554 0.9023521882804469
1.0830350374900095 0.6237133937678137
1.031324432162383 0.5072188578541826
-0.0026686547766689994 0.8152050835600768
0.3691097105466159 0.5470424354146464
0.8781923450039626 0.6552324483141612
0.5187595689898155 0.8830033879394092
0.30688290117047456 0.8931123576062496
0.7982475564307274 0.5165580168616215
0.614861138905467 0.43187747746369687
0.023862723241889316 0.7278816409016737
0.6910350160693588 0.3644109921761842
0.6345632456924613 0.5188961522735858
0.3210144638731476 0.8888989710752069
0.771624367319317 0.7690858039312887
-0.09463236569639921 0.8530257323611443
0.7123911737527509 0.2972282772713206
-0.11977293061703187 0.6640251969905451
#############
-1.0580541691147092 0.7505990947542303
-0.6381443040589674 0.9138483179258883
-0.5539082497439958 0.6342112680411601
-0.7031729379692875 0.8705859730489887
-0.8952734145133521 0.5105951699664792
-0.8486023075263147 1.0111078793060755
-0.8753777887353106 0.6575437967509055
-0.8037680669766956 0.6243265289723448
-0.6321370438737001 0.5889161101186944
-0.988163908613586 0.5126752353921392
-0.9701041935786123 1.0711798254723857
-0.7122888449000283 0.546622758115333
-0.8665159530499983 0.5222012370100917
-0.6903164909509512 1.0137242885015425
-0.9378336040974593 0.6923979294704818
-0.65553462002314 0.8844928327723414
-0.5800900283892487 0.8523938994054456
-0.7470427943401243 1.0757732340184156
-0.9645187639688905 0.8540897939890972
-0.6449845569636976 0.6694498058582409
-0.8693549703736871 0.793584691613714
-0.7716299380272149 1.040216610244106
-0.6593622433703623 0.9846589246671316
-0.8469127897028843 0.7607883560012882
-0.5865533908361289 0.9505514634353696
-0.9787370302167901 0.7595379449220894
-0.788794917581719 0.7720135698598709
-1.0069365095694849 0.6663398942841934
-1.036437688934487 1.0485743571430228
-0.5783908906873262 0.8766682408136265
-0.9059124299242877 0.5702555741431978
-1.0887627292130848 0.7262282187698421
-0.6917123135753553 1.0580937318746548
-1.085340602463344 0.6582858681263554
-0.782061034745633 0.9885137784070335
-0.742439123664469 0.6954201045347107
-0.9273491004225632 1.0231669584389054
-0.8308624479662161 1.0313572810185365
-0.8882692313354433 0.9405744204051718
-0.5752123915905347 0.7178092651610508
-0.7001072023318158 0.7135401430565923
-0.8359850754867052 0.5890087388614507
-0.6734334821548916 0.8784452063601871
-0.8278153058163482 0.9531595809541046
-0.566480051640511 0.5634339283450477
-1.0908910752614185 0.7852930981375741
-0.710776006443036 1.0821508407521705
-0.8694749911184427 0.9800445384049771
-0.8491543603510838 1.0580857926323968
-1.0196335795538207 1.0656378147299106
-0.8540317163730217 0.8217330904674913
-1.067689262366585 1.0418896314989063
-0.7339014587436219 0.5186688532949832
-1.0715739253412233 0.8853177695932913
-0.6072702779213583 0.9812992270801282
-0.8991772795449124 0.5634616206092729
-0.8258067344163667 0.5504308178423911
-1.0309468183053412 0.5182967744324316
-0.562259759175987 0.884962505518649
-0.8184107918295567 0.9151482876726581
-0.743744004401145 0.9688970237526828
-0.6859592021307293 0.508781535780445
-0.6072780404713869 0.614518527361737
-0.8501321780798248 0.9523723643382255
-0.5820004795343299 0.9689810632608097
-0.5488290527616176 0.9678316971741427
-0.6612781138003119 1.0587012230112633
-0.7222655335683101 1.0074837411733109
-0.5179591134972397 0.6518469117510727
-0.7681703776173803 0.867369778052952
-0.5373138169293202 0.6838620819387311
-0.8056271578285025 0.5614731652319184
-1.094744098524589 0.7743663733513222
-1.0251306170654164 0.6339348570655492
-0.7891319016799199 0.7659165574790747
-0.5768414296947151 0.7728516726488068
-0.557736188436191 0.5360153108745901
-1.054686777325507 0.694523563601184
-0.8448369683914481 0.9734012798379861
-0.7708687686297212 0.9910391468501452
-1.0738637853341089 0.5680527553377923
-0.683506478693385 0.7768622654629257
-0.7815353582524887 0.9414858294431633
-0.8395513867829728 0.7316060746998398
-0.7125761353443295 1.0398263219700565
-0.5257802527279277 0.716454146139911
-0.9448642717663913 0.8267829322934237
-0.5825835264044436 0.7407119135242486
-0.7174050301910416 0.5470480592327519
-0.7284311873530906 0.6727449299557207
-0.6673124598475522 0.5828006282703995
-0.8673122580958851 0.5260840742791617
-1.0470210336471562 0.9968840013015877
-1.0071083116335222 0.6067510603086748
-0.7892386351146156 0.8458803858254623
-0.6037749667902944 0.6818811975523191
-0.8146905447125334 1.0547016444101662
-0.8643699756371683 0.8224939059968914
-0.7364938470592428 0.6714647631804351
-0.8127061444452939 0.20111514280001797
-0.4225942014908346 0.6272840472721262
-0.9416511449663076 0.49925003547301494
-0.4868382194650429 0.8474399111120199
-0.7400821458036193 0.741488189502499
-0.8243832499681845 0.25192643381137825
-0.34054116152131764 0.5881540615516259
-0.7652507002679636 0.22020361074605788
-0.6659559902364958 0.6490810306898862
-0.49089190757878765 0.3777861569440797
-0.8079449805231651 0.9868677690423016
-0.6327300712981707 0.6160694794520978
-0.9972203004654614 0.1339436871301305
-0.7204162473296511 0.16142422912745347
-0.799156207709488 0.37623788210842735
-0.650983502533454 0.8853735035377843
-0.8725768886365437 0.4908844800536716
-0.3299468428720147 0.6513691250871396
#############
0.11304025712182618 0.039332414570880825
-0.022765771642588386 0.014603525224386845
-0.07134385074185175 0.07176334377412355
-0.09886062473708906 0.12031527185220892
-0.16970431056060703 -0.04870056758734502
0.047013810977379396 0.007905025903268675
6.181987822020062E-4 0.08717115223577333
-0.1865323341616889 0.06521648382221519
-0.025518296394113543 -0.06776285377105312
6.831416107745317E-4 -0.0011843926132826573
0.002319983274731789 -0.017088591135798453
2.519789945950572E-4 -0.13744966796886016
0.17134985968779962 0.17879996345192353
-0.02677376891864338 -0.14515408382801356
0.018706247582943324 -0.1350844433378811
-0.09683222095845134 -0.09796429813270784
0.07920798013239032 -0.052077892533164305
-0.21001961288581203 -0.15789205445931975
-0.16863655806764727 -0.21534285447253468
0.17142741143363174 0.07111737804634793
-0.014042899305307392 0.07470857348159206
0.008715236230252447 -0.008981002050255473
0.09620418664114497 -0.04343182373248048
-4.1258673545691943E-4 -0.0014890597325058702
-0.17762048787396928 0.1225496222323434
0.0194333659061249 0.009529439547410229
-0.002638829469778944 0.020191257938422427
-0.20007176941222912 -0.04029339172510544
-0.10433800207201137 0.08641441576895376
0.07919811352937116 0.2649036334436055
0.1170867221718935 0.2579937968298971
-0.04463074358534915 -0.1979214486950004
-0.04631707242397712 0.16518150526557657
-0.05120584437691973 0.04907431486654082
-0.18629837726393825 0.009496400382765682
-0.0657324413408181 -0.02032231034943939
0.1834176953011604 -0.06452439015181109
4.180462883999161E-4 -0.18120217208436748
-0.08279539942661927 0.10682005772790161
-0.18822863386445646 0.07783888157923635
-3.894248606573788E-4 -0.01954442370764648
0.20013048644416911 -0.11390379574461296
0.05545554087927403 0.08307300596670258
-0.0877996736106035 0.1887064505233946
0.07764467550491708 -0.266415028292922
0.01446197596629134 0.1765413106719566
0.052314786918882965 -0.23453077719569437
0.2110040713819144 0.06244729035426227
0.28502009970146647 -0.00924147633899391
-0.010774647297377858 -0.24147753015597442
0.27076827223842814 0.06261757722427821
-0.2454448743647664 -0.11786720791264832
0.03446056361027303 0.0014089702357595224
-0.1912947412272762 -0.16240449823724337
0.16510802179155581 0.21815841912414022
0.19204163377051242 -0.006713850833800532
0.126729996181975 0.2616198871863756
-0.043685090613070784 0.049922326651056115
-0.028791815227058475 -0.13535746182786798
0.04260688024435162 -0.2373981155673431
0.13340554734081067 -0.23117236706336924
0.005641129277965065 0.12887442544383246
-0.08163102014801152 -0.009860526519966491
-0.015972559896283094 -0.06587951788663962
-0.2084726557939858 -0.05921442295460911
-0.03129589124764391 0.007392240488329808
0.07693037831768215 -0.02090864421508284
-0.20213854774292198 0.0897774890243949
-0.020322806376311023 0.16050067157461756
-9.962020741766412E-4 0.007082634785740944
0.05218666722094672 0.09382269237205798
-0.04415845228953145 -0.022391466456395004
-0.14569076107763562 0.008788557552945993
0.08289955034154406 0.00707747650883256
0.2767737888260155 0.05080030998622032
0.16782908668395538 -0.22437922250382025
-0.07289953418140857 -0.2734498190715467
-0.10561280092494812 -0.11559432088499089
-0.09314713001884267 -0.03842152393091819
-0.02863778814846679 -0.047623490268525456
-0.03276754415678275 0.07267574951498192
-0.2728769743288993 -0.027305753992825768
0.1714291709178229 0.011692836171788007
0.0252329168024803 0.06527870806385203
0.02773940487798733 0.15336462053832484
0.15601424666757036 0.10177922270390131
0.01668672200356925 -0.041173454145505266
-0.13926368891425758 -0.2607386034074721
-0.09404436261271897 0.032794471611780625
0.02469131440278181 0.018146529553306527
0.2618053722696579 -0.14206621261949742
0.015437586226257329 -0.19323960607758162
-0.016824702270406507 -0.29873696296183344
0.2112775933094226 0.046291063037572064
-0.1375100939941346 0.067011855044725
-0.006298228985823053 -0.04004339252975909
-0.23860348511713045 -0.16643232338209882
0.00978733565233515 -0.022686815588890016
0.15510785057558923 0.03790787584870478
-0.5212912557573621 0.04263675072447204
0.06709836021227256 -0.25848262241138986
-0.043866308190205316 0.33369045630816707
0.11748386049278126 -0.10967029253580729
0.21534286050631346 0.06480824836322174
-0.40910129920136384 -0.08745763274424845
0.22421892254023001 0.14984995991529781
0.020730821487217943 2.200189403371855E-4
0.0472888974246084 0.19742788131658506
0.3597933783615628 -0.140180490128736
-0.19620005253248585 0.4269618926861445
-0.20251135916624108 -0.2571730052705741
-0.13805283780297528 0.4335464207492479
-0.250225022886295 0.1726540775329899
-0.46490029505527697 0.3231285059302529
-0.034389072778527874 -0.04209907208435304
-0.24446943052291048 -0.019720297640464457
-0.5708793425008751 0.19797750318092366
-0.20791194866355855 0.20754442286071328
0.026074095586822832 -0.6285871380394432
-0.03593541751737561 -0.32913591724075664
0.3503021472210235 0.12619133817283723
-0.15742548824416303 -0.09193811750406411
0.1482630957885016 0.05007915982300659
-0.3428339098400086 0.21338254451219685
0.6989733846821473 0.20639709630028236
0.14510921343792282 0.41683901436201
-0.017881347221606392 0.31794917658155253
-0.20180571688043614 -0.2313576287842538
0.14648512367855804 0.01055139851639697
0.41165410774979017 -0.1306635269913794
-0.41902490592765584 -0.38297979729672127
0.6472266523682557 -0.15508311512370643
-0.38900105651022554 -0.23213978269917468
0.041219891736188785 0.1250173900106195
-0.11544922307532102 -0.6122482035119696
#############
0.7509327678988905 -1.0404211509763523
0.5106714980943523 -1.0944449074292535
0.584649439269511 -0.9681694910867489
0.5793668084037833 -1.0042134911872271
0.5167252925977152 -1.038472521498036
0.6129340982213601 -0.8812945245060728
0.6652540352139478 -0.9782399368207544
0.6752190356912955 -0.9307205007696888
0.5185613646292604 -1.0704234930071774
0.7530392030354666 -0.9366339543834202
0.7597310479626185 -1.0080288309767267
0.7438305562973873 -0.9746614738486525
0.8876410979706583 -1.0878915029415082
0.5191505451418229 -0.9876317039676787
0.6279239707002735 -1.0112094964095042
0.5631122312493508 -0.8236796707980811
0.5799035624435741 -0.9403768338993382
0.7561819174109767 -0.98218590546565
0.515493519182281 -0.9189623131702053
0.5867196796710851 -0.8602646135031841
0.8615530421312849 -0.9921021354162985
0.6696637149527361 -1.0561809659525876
0.5621888373232167 -0.8200494274907202
0.7034632034573345 -0.9403707087222865
0.7918080832461731 -0.9936885265167583
0.6261020380044311 -1.022423752525363
0.5754010945106982 -0.9291529441241717
0.55902714761802 -1.026366832558552
0.5498886332957497 -0.8150714860298648
0.23119915656671441 -0.9443077522685497
0.3214895673590825 -0.8277403286374894
0.2950433393881493 -0.8244751516207176
0.4988634159954779 -0.9611904366079713
0.2627745071369223 -0.6227738623878352
0.17060892673266914 -0.8891380846577142
-0.099302345349078 -0.8156624531722487
#############
-0.7913800792686584 -0.5152156344328762
-0.9050401680687443 -0.5326811992103565
-0.5314632997490756 -0.8754159622276413
-0.5585542055850715 -0.8894616117109446
-0.5036369589390944 -1.0113397914872297
-1.0970342700380318 -1.0724023740792084
-0.6251061768374673 -0.7057009616418393
-0.7810700311926239 -0.8339139143144843
-0.7273414635729274 -0.6048605812736554
-0.672072257650529 -0.5047722398989195
-0.7606779418694334 -1.0635012952111804
-0.5767377134867704 -0.9805882429358432
-0.6226232839477991 -0.7725453376554484
-0.5361117943235295 -0.8614580267586234
-0.813224883923277 -0.5002784600683112
-0.6084007541435156 -1.033838071346741
-0.620261340045281 -1.0151185578162367
-0.534723957785405 -0.8877915181173541
-0.5676871309372532 -0.9781940594558256
-0.5482858870924051 -0.9481023517770717
-0.8226735181559786 -1.0948742818182378
-1.0899869784310663 -0.5643567039451881
-0.5497527915690985 -0.896619766465425
-0.9272807565216654 -0.8529416279012281
-1.0249869227215809 -0.7879978702674864
-0.7381245145677278 -0.5130132752649734
-0.6787459157985267 -0.8384349830448498
-0.8181593896792027 -0.8488381844059953
-0.7225950469662539 -0.8242535480962441
-0.7967948032245318 -0.5225125980021459
-1.0339543598127658 -1.0337683957623134
-0.7066616187411402 -0.6339167313491187
-0.9216078796846359 -0.7366939103643899
-0.640936897794649 -0.6788620776185147
-1.0758038083532737 -0.5888394577097645
-0.5543327825983372 -0.5717416186034648
-1.0186014371754537 -0.5940476820940832
-0.5160804518828184 -0.6355943691532306
-0.7132842501700811 -0.5775564316585042
-0.6660728047432427 -0.8384419056877563
-1.068024907469421 -0.809097652600858
-1.0590352268171261 -0.9435268763269831
-0.9530008585897306 -0.7126564926356873
-0.7900069934729066 -0.9011148613547711
-0.6177947211076371 -0.7341631019143309
-0.7634958866844712 -0.8101370275900259
-1.0844418693004303 -0.5084473086819575
-0.7759619336280648 -0.7187759700927203
-0.6607766874304601 -1.0649059776690915
-1.0695263567257516 -0.8463562738840409
-0.5664411888800451 -0.7280172705684724
-0.6900776287459722 -0.7232689622969661
-0.5189455868824107 -0.5562164761465359
-0.7789064324843054 -0.7859230479973569
-0.5672136063093324 -0.9277088860487992
-1.0514160734119118 -0.5271943961415086
-0.9250845254067661 -0.8108965815887846
-0.572118103346681 -0.6475681422752712
-1.0535329242970057 -0.6674478517948776
-0.9220378470271321 -0.5781480457332371
-0.7679061080665273 -0.8276392466078817
-0.5728178733938407 -0.853932113645769
-0.9052684613756539 -0.5504520006134218
-0.9312218390317336 -0.7042311493053421
-1.0769807651561074 -1.0350060893869106
-0.698405381367706 -1.0968325396263416
-0.852931801226218 -0.7852667795861061
-0.9002342280029522 -0.7234889614560213
-0.776378484540672 -0.9465598834823007
-0.588094427644864 -0.6465377961882111
-0.892139974795146 -0.5302838422792607
-0.784053103035015 -0.939933711456963
-0.9859300765551369 -0.822308069097945
-0.5498926390438285 -0.8527034002703349
-1.0789015088726768 -0.530898567033711
-0.8964548542913674 -0.7988083088197304
-0.8990144710689123 -0.7716135482293602
-0.6178961878117115 -0.834627109492226
-0.659631361293487 -0.6094631515357136
-0.8348686630209172 -1.0237470546067218
-0.5157779629420275 -0.7827290596037346
-0.6613055944510237 -0.6084792018375684
-0.5398011987798921 -0.8181913147266928
-0.5714052313401392 -0.6084895163905464
-0.76069197253395 -0.8141112661739914
-0.7365690441435035 -0.5491641502094087
-0.7451311493475423 -0.5151709120359049
-1.0264662206534854 -0.8858039639292926
-0.9633554207750135 -0.5326709181479387
-0.7240593134869195 -0.934469752530687
-0.5792292841281335 -0.8736406514559292
-0.6913403378482686 -0.5462763580586365
-0.7314478876007685 -0.5341153539507375
-0.5406907596534877 -0.9691602049821343
-0.6315851438133515 -0.5846873639666068
-0.9161926320137815 -0.7296215446781258
-1.0947400242980827 -0.730539384707025
-0.8698823926899261 -0.7366692818693144
-0.8398234975193488 -0.7635197699581682
-0.782945614239853 -0.4060238855695897
-0.73663388972366 -0.49897546046474694
-0.6333005589760339 -0.30676807171614207
-0.873828384174381 -0.1940189213090593
-0.45667190052418905 -0.9139059528916755
-0.3179468072460947 -0.7002089340084623
-0.7724505190427213 -0.10553920552551221
-0.4758167471654928 -0.8477985531727548
-0.5252238744952837 -0.2845318565511379
-0.755105908766712 -0.9052136726219513
-0.8081387004768468 -0.42142479139886846
-0.8500458594277982 -0.029494926165480884
#############
